153172351
159966140
263369410
153163212
153163201
183953118
159964325
263376023
275965912
153160598
153160528
183952184
275962737
153154653
159961255
153152789
183948673
143146439
143146438
153150536
153150050
102432543
257360027
102430509
102444412
257359219
153143485
263371399
263371794
159957181
159957157
153141147
153141041
183944015
153139900
153138091
263370178
159955755
153134800
153122736
413552727
183909992
257335640
183939980
159954260
257357031
257356951
159953371
153129911
159952422
183936394
257355693
183936078
159950246
257354793
159950090
183933428
159950073
417125332
153118126
159949423
183931561
159948602
165351800
153114138
153108557
165337521
165337522
165337520
165337521
159942376
257347045
263357873
183923209
159929779
153095447
257344982
153084380
183916710
253394043
165325542
263352147
159932660
257337315
257336790
257336787
183911372
257336789
183911374
183909988
183909992
183909988
263347434
159930651
413353011
123998788
123123123
413356424
263325954
159911706
183884938
257321184
159913451
183886821
415286793
183889008
159915298
159915299
159915300
183888988
183888995
183888996
183889397
159915563
183889618
159915925
183857042
183890464
165305532
165305631
417087426
165305633
159916999
159916999
257324019
183891485
183891285
159917157
159917159
159917163
263334202
257324120
415342232
415342232
159815660
183895253
413367858
183896142
433253993
433254161
433254199
183896142
433254468
433254495
433254495
102425558
183897096
183897096
415355978
433259344
417087426
257315903
257315903
102430509
267731955
213556539
413436123
413436235
413436238
413436240
463037916
159923833
415346459
263339838
102432543
257329530
267735095
267735094
265773862
265774349
267735469
417095014
417095022
165318105
183889397
159928216
257331368
102444412
102445349
257331368
102446554
159929779
263347023
263347388
159930628
263347414
183908499
